<?xml version="1.0"?>
<opencv_storage>
<camera_matrix type_id="opencv-matrix">
  <rows>3</rows>
  <cols>3</cols>
  <dt>d</dt>
  <data>
    5.3250112310604129e+02 0. 3.4278814838109179e+02 0.
    5.3256153659181030e+02 2.3369181970708897e+02 0. 0. 1.</data></camera_matrix>
<distorsion_coefficients type_id="opencv-matrix">
  <rows>1</rows>
  <cols>5</cols>
  <dt>d</dt>
  <data>
    -2.6820573496151334e-01 -1.3909709265900788e-01
    5.7764688876473696e-04 4.8229134591195219e-05 6.3351753568181701e-01</data></distorsion_coefficients>
</opencv_storage>